function out1 = cost_function(in1)
%COST_FUNCTION
%    OUT1 = COST_FUNCTION(IN1)

%    This function was generated by the Symbolic Math Toolbox version 9.2.
%    24-Apr-2023 13:19:39

k1 = in1(:,1);
k2 = in1(:,2);
k3 = in1(:,3);
k4 = in1(:,4);
k5 = in1(:,5);
k6 = in1(:,6);
on11 = in1(:,19);
on12 = in1(:,25);
on21 = in1(:,20);
on22 = in1(:,26);
on31 = in1(:,21);
on32 = in1(:,27);
on41 = in1(:,22);
on42 = in1(:,28);
on51 = in1(:,23);
on52 = in1(:,29);
on61 = in1(:,24);
on62 = in1(:,30);
r11 = in1(:,7);
r12 = in1(:,13);
r21 = in1(:,8);
r22 = in1(:,14);
r31 = in1(:,9);
r32 = in1(:,15);
r41 = in1(:,10);
r42 = in1(:,16);
r51 = in1(:,11);
r52 = in1(:,17);
r61 = in1(:,12);
r62 = in1(:,18);
t2 = on11.^2;
t3 = on12.^2;
t4 = on21.^2;
t5 = on22.^2;
t6 = on31.^2;
t7 = on32.^2;
t8 = on41.^2;
t9 = on42.^2;
t10 = on51.^2;
t11 = on52.^2;
t12 = on61.^2;
t13 = on62.^2;
t14 = r11.^2;
t15 = r12.^2;
t16 = r21.^2;
t17 = r22.^2;
t18 = r31.^2;
t19 = r32.^2;
t20 = r41.^2;
t21 = r42.^2;
t22 = r51.^2;
t23 = r52.^2;
t24 = r61.^2;
t25 = r62.^2;
t26 = 1.0./k1;
t27 = 1.0./k2;
t28 = 1.0./k3;
t29 = 1.0./k4;
t30 = 1.0./k5;
t31 = 1.0./k6;
t32 = k2.*k3.*k4.*k5.*k6.*on11.*on12.*r11.*r12;
t33 = k1.*k3.*k4.*k5.*k6.*on21.*on22.*r21.*r22;
t34 = k1.*k2.*k4.*k5.*k6.*on31.*on32.*r31.*r32;
t35 = k1.*k2.*k3.*k5.*k6.*on41.*on42.*r41.*r42;
t36 = k1.*k2.*k3.*k4.*k6.*on51.*on52.*r51.*r52;
t37 = k1.*k2.*k3.*k4.*k5.*on61.*on62.*r61.*r62;
t50 = k3.*k4.*k5.*k6.*on11.*on12.*on21.*on22.*r11.*r12.*r21.*r22.*2.0;
t51 = k2.*k4.*k5.*k6.*on11.*on12.*on31.*on32.*r11.*r12.*r31.*r32.*2.0;
t52 = k1.*k4.*k5.*k6.*on21.*on22.*on31.*on32.*r21.*r22.*r31.*r32.*2.0;
t53 = k2.*k3.*k5.*k6.*on11.*on12.*on41.*on42.*r11.*r12.*r41.*r42.*2.0;
t54 = k1.*k3.*k5.*k6.*on21.*on22.*on41.*on42.*r21.*r22.*r41.*r42.*2.0;
t55 = k2.*k3.*k4.*k6.*on11.*on12.*on51.*on52.*r11.*r12.*r51.*r52.*2.0;
t56 = k1.*k2.*k5.*k6.*on31.*on32.*on41.*on42.*r31.*r32.*r41.*r42.*2.0;
t57 = k1.*k3.*k4.*k6.*on21.*on22.*on51.*on52.*r21.*r22.*r51.*r52.*2.0;
t58 = k2.*k3.*k4.*k5.*on11.*on12.*on61.*on62.*r11.*r12.*r61.*r62.*2.0;
t59 = k1.*k2.*k4.*k6.*on31.*on32.*on51.*on52.*r31.*r32.*r51.*r52.*2.0;
t60 = k1.*k3.*k4.*k5.*on21.*on22.*on61.*on62.*r21.*r22.*r61.*r62.*2.0;
t61 = k1.*k2.*k3.*k6.*on41.*on42.*on51.*on52.*r41.*r42.*r51.*r52.*2.0;
t62 = k1.*k2.*k4.*k5.*on31.*on32.*on61.*on62.*r31.*r32.*r61.*r62.*2.0;
t63 = k1.*k2.*k3.*k5.*on41.*on42.*on61.*on62.*r41.*r42.*r61.*r62.*2.0;
t64 = k1.*k2.*k3.*k4.*on51.*on52.*on61.*on62.*r51.*r52.*r61.*r62.*2.0;
t38 = k2.*k3.*k4.*k5.*k6.*t2.*t14;
t39 = k2.*k3.*k4.*k5.*k6.*t3.*t15;
t40 = k1.*k3.*k4.*k5.*k6.*t4.*t16;
t41 = k1.*k3.*k4.*k5.*k6.*t5.*t17;
t42 = k1.*k2.*k4.*k5.*k6.*t6.*t18;
t43 = k1.*k2.*k4.*k5.*k6.*t7.*t19;
t44 = k1.*k2.*k3.*k5.*k6.*t8.*t20;
t45 = k1.*k2.*k3.*k5.*k6.*t9.*t21;
t46 = k1.*k2.*k3.*k4.*k6.*t10.*t22;
t47 = k1.*k2.*k3.*k4.*k6.*t11.*t23;
t48 = k1.*k2.*k3.*k4.*k5.*t12.*t24;
t49 = k1.*k2.*k3.*k4.*k5.*t13.*t25;
t65 = -t50;
t66 = -t51;
t67 = -t52;
t68 = -t53;
t69 = -t54;
t70 = -t55;
t71 = -t56;
t72 = -t57;
t73 = -t58;
t74 = -t59;
t75 = -t60;
t76 = -t61;
t77 = -t62;
t78 = -t63;
t79 = -t64;
t80 = k3.*k4.*k5.*k6.*t2.*t5.*t14.*t17;
t81 = k3.*k4.*k5.*k6.*t3.*t4.*t15.*t16;
t82 = k2.*k4.*k5.*k6.*t2.*t7.*t14.*t19;
t83 = k2.*k4.*k5.*k6.*t3.*t6.*t15.*t18;
t84 = k1.*k4.*k5.*k6.*t4.*t7.*t16.*t19;
t85 = k1.*k4.*k5.*k6.*t5.*t6.*t17.*t18;
t86 = k2.*k3.*k5.*k6.*t2.*t9.*t14.*t21;
t87 = k2.*k3.*k5.*k6.*t3.*t8.*t15.*t20;
t88 = k1.*k3.*k5.*k6.*t4.*t9.*t16.*t21;
t89 = k1.*k3.*k5.*k6.*t5.*t8.*t17.*t20;
t90 = k2.*k3.*k4.*k6.*t2.*t11.*t14.*t23;
t91 = k2.*k3.*k4.*k6.*t3.*t10.*t15.*t22;
t92 = k1.*k2.*k5.*k6.*t6.*t9.*t18.*t21;
t93 = k1.*k2.*k5.*k6.*t7.*t8.*t19.*t20;
t94 = k1.*k3.*k4.*k6.*t4.*t11.*t16.*t23;
t95 = k1.*k3.*k4.*k6.*t5.*t10.*t17.*t22;
t96 = k2.*k3.*k4.*k5.*t2.*t13.*t14.*t25;
t97 = k2.*k3.*k4.*k5.*t3.*t12.*t15.*t24;
t98 = k1.*k2.*k4.*k6.*t6.*t11.*t18.*t23;
t99 = k1.*k2.*k4.*k6.*t7.*t10.*t19.*t22;
t100 = k1.*k3.*k4.*k5.*t4.*t13.*t16.*t25;
t101 = k1.*k3.*k4.*k5.*t5.*t12.*t17.*t24;
t102 = k1.*k2.*k3.*k6.*t8.*t11.*t20.*t23;
t103 = k1.*k2.*k3.*k6.*t9.*t10.*t21.*t22;
t104 = k1.*k2.*k4.*k5.*t6.*t13.*t18.*t25;
t105 = k1.*k2.*k4.*k5.*t7.*t12.*t19.*t24;
t106 = k1.*k2.*k3.*k5.*t8.*t13.*t20.*t25;
t107 = k1.*k2.*k3.*k5.*t9.*t12.*t21.*t24;
t108 = k1.*k2.*k3.*k4.*t10.*t13.*t22.*t25;
t109 = k1.*k2.*k3.*k4.*t11.*t12.*t23.*t24;
t110 = t32+t33+t34+t35+t36+t37;
t111 = t38+t40+t42+t44+t46+t48;
t112 = t39+t41+t43+t45+t47+t49;
t113 = t65+t66+t67+t68+t69+t70+t71+t72+t73+t74+t75+t76+t77+t78+t79+t80+t81+t82+t83+t84+t85+t86+t87+t88+t89+t90+t91+t92+t93+t94+t95+t96+t97+t98+t99+t100+t101+t102+t103+t104+t105+t106+t107+t108+t109;
t114 = 1.0./t113;
et1 = (-on21.*r21.*t27.*t112.*t114+on22.*r22.*t27.*t110.*t114+8.9e+1./1.25e+2).^2+(on21.*r21.*t27.*t110.*t114-on22.*r22.*t27.*t111.*t114+1.83e+2./1.0e+3).^2+(-on51.*r51.*t30.*t112.*t114+on52.*r52.*t30.*t110.*t114+1.592e-1).^2+(on41.*r41.*t29.*t112.*t114-on42.*r42.*t29.*t110.*t114+7.32e-2).^2+(-on31.*r31.*t28.*t110.*t114+on32.*r32.*t28.*t111.*t114+1.574e-1).^2+(-on31.*r31.*t28.*t112.*t114+on32.*r32.*t28.*t110.*t114+1.666e-1).^2+(-on11.*r11.*t26.*t112.*t114+on12.*r12.*t26.*t110.*t114+6.586e-1).^2;
et2 = (on41.*r41.*t29.*t110.*t114-on42.*r42.*t29.*t111.*t114+9.146e-1).^2+(on11.*r11.*t26.*t110.*t114-on12.*r12.*t26.*t111.*t114+2.01e-2).^2+(on61.*r61.*t31.*t112.*t114-on62.*r62.*t31.*t110.*t114+2.77e-2).^2+(-on61.*r61.*t31.*t110.*t114+on62.*r62.*t31.*t111.*t114+3.19e-2).^2+(-on51.*r51.*t30.*t110.*t114+on52.*r52.*t30.*t111.*t114+3.221e-1).^2;
out1 = et1+et2;
