function out1 = eom_solver(in1,in2,in3)
%EOM_SOLVER
%    OUT1 = EOM_SOLVER(IN1,IN2,IN3)

%    This function was generated by the Symbolic Math Toolbox version 8.6.
%    31-Dec-2021 19:54:29

k1 = in1(:,1);
k2 = in1(:,2);
k3 = in1(:,3);
k4 = in1(:,4);
on11 = in2(1);
on12 = in2(2);
on21 = in2(3);
on22 = in2(4);
on31 = in2(5);
on32 = in2(6);
on41 = in2(7);
on42 = in2(8);
r11 = in3(1);
r12 = in3(2);
r21 = in3(3);
r22 = in3(4);
r31 = in3(5);
r32 = in3(6);
r41 = in3(7);
r42 = in3(8);
t2 = on11.^2;
t3 = on12.^2;
t4 = on21.^2;
t5 = on22.^2;
t6 = on31.^2;
t7 = on32.^2;
t8 = on41.^2;
t9 = on42.^2;
t10 = r11.^2;
t11 = r12.^2;
t12 = r21.^2;
t13 = r22.^2;
t14 = r31.^2;
t15 = r32.^2;
t16 = r41.^2;
t17 = r42.^2;
t18 = 1.0./k1;
t19 = 1.0./k2;
t20 = k2.*k3.*k4.*on11.*on12.*r11.*r12;
t21 = k1.*k3.*k4.*on21.*on22.*r21.*r22;
t22 = k1.*k2.*k4.*on31.*on32.*r31.*r32;
t23 = k1.*k2.*k3.*on41.*on42.*r41.*r42;
t28 = k3.*k4.*on11.*on12.*on21.*on22.*r11.*r12.*r21.*r22.*2.0;
t29 = k2.*k4.*on11.*on12.*on31.*on32.*r11.*r12.*r31.*r32.*2.0;
t30 = k1.*k4.*on21.*on22.*on31.*on32.*r21.*r22.*r31.*r32.*2.0;
t31 = k2.*k3.*on11.*on12.*on41.*on42.*r11.*r12.*r41.*r42.*2.0;
t32 = k1.*k3.*on21.*on22.*on41.*on42.*r21.*r22.*r41.*r42.*2.0;
t33 = k1.*k2.*on31.*on32.*on41.*on42.*r31.*r32.*r41.*r42.*2.0;
t24 = k2.*k3.*k4.*t2.*t10;
t25 = k1.*k3.*k4.*t4.*t12;
t26 = k1.*k2.*k4.*t6.*t14;
t27 = k1.*k2.*k3.*t8.*t16;
t34 = -t28;
t35 = -t29;
t36 = -t30;
t37 = -t31;
t38 = -t32;
t39 = -t33;
t40 = k3.*k4.*t2.*t5.*t10.*t13;
t41 = k3.*k4.*t3.*t4.*t11.*t12;
t42 = k2.*k4.*t2.*t7.*t10.*t15;
t43 = k2.*k4.*t3.*t6.*t11.*t14;
t44 = k1.*k4.*t4.*t7.*t12.*t15;
t45 = k1.*k4.*t5.*t6.*t13.*t14;
t46 = k2.*k3.*t2.*t9.*t10.*t17;
t47 = k2.*k3.*t3.*t8.*t11.*t16;
t48 = k1.*k3.*t4.*t9.*t12.*t17;
t49 = k1.*k3.*t5.*t8.*t13.*t16;
t50 = k1.*k2.*t6.*t9.*t14.*t17;
t51 = k1.*k2.*t7.*t8.*t15.*t16;
t52 = t20+t21+t22+t23;
t53 = t24+t25+t26+t27;
t54 = t34+t35+t36+t37+t38+t39+t40+t41+t42+t43+t44+t45+t46+t47+t48+t49+t50+t51;
t55 = 1.0./t54;
out1 = (on12.*r12.*t18.*t52.*t55-on11.*r11.*t18.*t55.*(k2.*k3.*k4.*t3.*t11+k1.*k3.*k4.*t5.*t13+k1.*k2.*k4.*t7.*t15+k1.*k2.*k3.*t9.*t17)+1.0).^2+(on11.*r11.*t18.*t52.*t55-on12.*r12.*t18.*t53.*t55).^2+(on21.*r21.*t19.*t52.*t55-on22.*r22.*t19.*t53.*t55+1.0).^2;
